diary on
opgv1

Pn =

    1.0000    0.8050    0.5162    0.2275         0
         0    0.0713         0    0.1544         0
         0         0    0.2256         0         0
         0    0.0713         0    0.1544         0
         0    0.0525    0.2581    0.4637    1.0000


ans =

    0.2275
    0.1544
         0
    0.1544
    0.4637


Pn =

    1.0000    0.8786    0.5952    0.3869         0
         0         0    0.0536         0         0
         0    0.0322         0    0.0697         0
         0         0    0.0536         0         0
         0    0.0893    0.2976    0.5434    1.0000


ans =

    0.3869
         0
    0.0697
         0
    0.5434


Pn =

    1.0000    0.8898    0.6505    0.4113         0
         0    0.0076         0    0.0165         0
         0         0    0.0242         0         0
         0    0.0076         0    0.0165         0
         0    0.0949    0.3253    0.5556    1.0000


ans =

    0.4113
    0.0165
         0
    0.0165
    0.5556


Pn =

    1.0000    0.8977    0.6590    0.4284         0
         0         0    0.0057         0         0
         0    0.0034         0    0.0075         0
         0         0    0.0057         0         0
         0    0.0989    0.3295    0.5642    1.0000


ans =

    0.4284
         0
    0.0075
         0
    0.5642

diary off
diary on
opgv1

ans =

Etter "a" tidsløp


a =

     3


Pn =

    1.0000    0.8050    0.5162    0.2275         0
         0    0.0713         0    0.1544         0
         0         0    0.2256         0         0
         0    0.0713         0    0.1544         0
         0    0.0525    0.2581    0.4637    1.0000


ans =

    0.2275
    0.1544
         0
    0.1544
    0.4637


ans =

Etter "a" tidsløp


a =

     4


Pn =

    1.0000    0.8786    0.6327    0.3869         0
         0    0.0161         0    0.0348         0
         0         0    0.0509         0         0
         0    0.0161         0    0.0348         0
         0    0.0893    0.3164    0.5434    1.0000


ans =

    0.3869
    0.0348
         0
    0.0348
    0.5434


ans =

Etter "a" tidsløp


a =

    40


Pn =

    1.0000    0.9000    0.6667    0.4333         0
         0    0.0000         0    0.0000         0
         0         0    0.0000         0         0
         0    0.0000         0    0.0000         0
         0    0.1000    0.3333    0.5667    1.0000


ans =

    0.4333
    0.0000
         0
    0.0000
    0.5667


ans =

Etter "a" tidsløp


a =

    80


Pn =

    1.0000    0.9000    0.6667    0.4333         0
         0    0.0000         0    0.0000         0
         0         0    0.0000         0         0
         0    0.0000         0    0.0000         0
         0    0.1000    0.3333    0.5667    1.0000


ans =

    0.4333
    0.0000
         0
    0.0000
    0.5667

diary off
diray on
{Undefined function 'diray' for input arguments of type 'char'.
} 
diary on
opgv1
For n = 3
 P = 
    1.0000    0.8050    0.5162    0.2275         0
         0    0.0713         0    0.1544         0
         0         0    0.2256         0         0
         0    0.0713         0    0.1544         0
         0    0.0525    0.2581    0.4637    1.0000

get the followin matrix with start in s4 
    0.2275
    0.1544
         0
    0.1544
    0.4637

probability to go from s4->s2 after n=3 is: 0.154375 
For n = 4
 P = 
    1.0000    0.8786    0.6327    0.3869         0
         0    0.0161         0    0.0348         0
         0         0    0.0509         0         0
         0    0.0161         0    0.0348         0
         0    0.0893    0.3164    0.5434    1.0000

get the followin matrix with start in s4 
    0.3869
    0.0348
         0
    0.0348
    0.5434

probability to go from s4->s2 after n=4 is: 0.034831 
For n = 40
 P = 
    1.0000    0.9000    0.6667    0.4333         0
         0    0.0000         0    0.0000         0
         0         0    0.0000         0         0
         0    0.0000         0    0.0000         0
         0    0.1000    0.3333    0.5667    1.0000

get the followin matrix with start in s4 
    0.4333
    0.0000
         0
    0.0000
    0.5667

probability to go from s4->s2 after n=40 is: 0.000000 
For n = 80
 P = 
    1.0000    0.9000    0.6667    0.4333         0
         0    0.0000         0    0.0000         0
         0         0    0.0000         0         0
         0    0.0000         0    0.0000         0
         0    0.1000    0.3333    0.5667    1.0000

get the followin matrix with start in s4 
    0.4333
    0.0000
         0
    0.0000
    0.5667

probability to go from s4->s2 after n=80 is: 0.000000 
diary off
diary on
opgv1
For n = 3
 P = 
    1.0000    0.8050    0.5162    0.2275         0
         0    0.0713         0    0.1544         0
         0         0    0.2256         0         0
         0    0.0713         0    0.1544         0
         0    0.0525    0.2581    0.4637    1.0000

get the followin matrix with start in s4 
    0.2275
    0.1544
         0
    0.1544
    0.4637

probability to go from s4->s2 after n=3 is: 0.154375 
For n = 4
 P = 
    1.0000    0.8786    0.6327    0.3869         0
         0    0.0161         0    0.0348         0
         0         0    0.0509         0         0
         0    0.0161         0    0.0348         0
         0    0.0893    0.3164    0.5434    1.0000

get the followin matrix with start in s4 
    0.3869
    0.0348
         0
    0.0348
    0.5434

probability to go from s4->s2 after n=4 is: 0.034831 
For n = 40
 P = 
    1.0000    0.9000    0.6667    0.4333         0
         0    0.0000         0    0.0000         0
         0         0    0.0000         0         0
         0    0.0000         0    0.0000         0
         0    0.1000    0.3333    0.5667    1.0000

get the followin matrix with start in s4 
    0.4333
    0.0000
         0
    0.0000
    0.5667

probability to go from s4->s2 after n=40 is: 0.000000 
For n = 80
 P = 
    1.0000    0.9000    0.6667    0.4333         0
         0    0.0000         0    0.0000         0
         0         0    0.0000         0         0
         0    0.0000         0    0.0000         0
         0    0.1000    0.3333    0.5667    1.0000

get the followin matrix with start in s4 
    0.4333
    0.0000
         0
    0.0000
    0.5667

probability to go from s4->s2 after n=80 is: 0.000000 
diary off
