diary on
Walk(0.2, 0.5, 0.3)

ans =

    0.3067
    0.1333
    0.0400

diary off
