diary on
A= pascal(5)

A =

     1     1     1     1     1
     1     2     3     4     5
     1     3     6    10    15
     1     4    10    20    35
     1     5    15    35    70

stdrot(poly(A))

ans =

   92.2904

eig(A)

ans =

    0.0108
    0.1812
    1.0000
    5.5175
   92.2904

diary off
