diary on
A

A =

     1     1     1     1     1
     1     2     3     4     5
     1     3     6    10    15
     1     4    10    20    35
     1     5    15    35    70

An = A;
for n= 1: 8
[Q R] = qr(An);
An = R*Q;
end
An

An =

   92.2904   -0.0000   -0.0000    0.0000   -0.0000
   -0.0000    5.5175    0.0000    0.0000    0.0000
   -0.0000    0.0000    1.0000    0.0000    0.0000
   -0.0000    0.0000    0.0000    0.1812    0.0000
   -0.0000    0.0000    0.0000    0.0000    0.0108

eig(A)

ans =

    0.0108
    0.1812
    1.0000
    5.5175
   92.2904

diary off
