diary on
p1 = [1 -1 -3 -1 2 1]

p1 =

     1    -1    -3    -1     2     1

stdrot(p1)

ans =

    2.2954

roots(p1)

ans =

   2.2954 + 0.0000i
   0.8593 + 0.0000i
  -0.8172 + 0.5539i
  -0.8172 - 0.5539i
  -0.5202 + 0.0000i

p2 = [1 -2 4 -6]

p2 =

     1    -2     4    -6

stdrot(p2)
there is no dominant root in p

ans =

     1

roots(p2)

ans =

   0.1443 + 1.8669i
   0.1443 - 1.8669i
   1.7113 + 0.0000i

diary off
