Opgv1c

U =

    0.5547   -0.8321
   -0.8321   -0.5547


V =

    -5     0
     0     8

