Opgv1e

U =

         0    0.6708   -0.4802
    1.0000   -0.3162   -0.7340
         0   -0.6708    0.4802


V =

     3     0     0
     0     3     0
     0     0     3


ans =

    1.0000         0   -0.9604
         0    1.0000   -0.7158
         0         0         0


