Opgv1d

U =

    0.4317    0.1706   -0.8857
    0.4973   -0.8643    0.0759
   -0.7526   -0.4732   -0.4579


V =

   -4.3816         0         0
         0   -1.2551         0
         0         0    3.6367
